5 0.8822355289421151 0.23453093812375259 0.18363273453093812 0.16566866267465075
14 0.8888888888888888 0.36626746506986024 0.2022621423819028 0.18562874251497
20 0.6932801064537594 0.2125748502994012 0.15701929474384566 0.1816367265469062
23 0.5309381237524949 0.16267465069860287 0.19960079840319372 0.16966067864271467
10 0.5469061876247505 0.4171656686626747 0.21024617431803058 0.21956087824351303
13 0.3592814371257485 0.4111776447105789 0.18629407850964738 0.20359281437125748
27 0.1224218230206253 0.6087824351297404 0.23952095808383211 0.23952095808383234
24 0.29141716566866244 0.6606786427145707 0.21024617431803055 0.22355289421157679
12 0.5455755156353959 0.657684630738523 0.2980705256154358 0.24151696606786438
9 0.7837658017298738 0.5838323353293412 0.17298735861610112 0.20558882235528944
