21 0.22707953855494836 0.19945355191256828 0.26958105646630237 0.151183970856102
32 0.5185185185185186 0.2194899817850638 0.2501517911353977 0.10746812386156651
16 0.5622343655130543 0.31420765027322417 0.22100789313904085 0.10382513661202193
13 0.5610200364298725 0.42987249544626593 0.24772313296903462 0.14207650273224048
31 0.29751062537947787 0.4043715846994536 0.2550091074681239 0.12386156648451724
17 0.7917425622343655 0.499089253187614 0.22343655130540385 0.11657559198542795
5 0.7965998785670917 0.6065573770491803 0.22829386763812992 0.12750455373406205
12 0.4465695203400121 0.5992714025500906 0.261687917425622 0.14936247723132864
7 0.5598057073466911 0.7313296903460837 0.27443837279902866 0.18761384335154827
18 0.6326654523375836 0.8460837887067392 0.24043715846994554 0.1475409836065573
