34 0.6278081360048574 0.20400728597449902 0.1724347298117789 0.1202185792349726
29 0.5415907710989677 0.29234972677595633 0.21857923497267745 0.13661202185792343
13 0.512446873102611 0.4289617486338797 0.1991499696417731 0.1621129326047359
8 0.7213114754098362 0.47176684881602926 0.21372191863995155 0.17850637522768667
2 0.8633879781420766 0.5072859744990893 0.1918639951426836 0.19489981785063748
27 0.1469338190649666 0.48451730418943534 0.24043715846994537 0.18943533697632048
15 0.3084395871281117 0.546448087431694 0.25258044930176077 0.21129326047358837
15 0.46873102610807504 0.6329690346083788 0.22829386763812992 0.22404371584699453
24 0.615664845173042 0.6903460837887068 0.24529447480267158 0.23679417122040078
7 0.8476017000607166 0.7276867030965393 0.22343655130540369 0.2276867030965392
