23 0.5124468731026108 0.29872495446265934 0.1262902246508805 0.10564663023679416
26 0.3509411050394659 0.31329690346083805 0.15786278081360067 0.11293260473588349
5 0.24043715846994537 0.3670309653916211 0.14086217364905892 0.12932604735883416
4 0.45901639344262274 0.41165755919854274 0.16029143897996354 0.1347905282331513
1 0.14450516089860346 0.5300546448087432 0.13843351548269575 0.16393442622950827
35 0.35458409228901033 0.5683060109289617 0.2088646023072253 0.17850637522768664
24 0.5428051001821496 0.5327868852459017 0.1967213114754099 0.16939890710382519
22 0.6605950212507592 0.4790528233151184 0.19429265330904685 0.14936247723132967
12 0.7686703096539163 0.4744990892531877 0.15300546448087438 0.1329690346083789
7 0.8524590163934426 0.41985428051001816 0.17000607164541587 0.1256830601092897
