20 0.24165148755312693 0.20947176684881608 0.17729204614450522 0.18214936247723137
11 0.3946569520340013 0.19489981785063754 0.15300546448087435 0.1748633879781421
23 0.5258044930176078 0.23406193078324228 0.17729204614450522 0.18761384335154827
4 0.32786885245901654 0.3816029143897996 0.20400728597449913 0.1948998178506375
28 0.49666059502125093 0.4262295081967213 0.1821493624772314 0.185792349726776
7 0.8342440801457194 0.4899817850637524 0.29872495446265934 0.18579234972677575
22 0.17972070431086823 0.5901639344262296 0.24286581663630843 0.2040072859744991
35 0.3788706739526411 0.6120218579234974 0.21372191863995152 0.20400728597449894
12 0.5573770491803279 0.6174863387978141 0.23557984213721922 0.20765027322404372
1 0.7589556769884638 0.6484517304189434 0.2550091074681237 0.2185792349726775
