23 0.6014637391882899 0.08083832335329343 0.2661343978709247 0.14171656686626746
33 0.7238855622089152 0.2015968063872254 0.27677977378576185 0.1437125748502993
25 0.5096473719228208 0.3093812375249501 0.27944111776447095 0.17165668662674655
32 0.8010645375914838 0.34031936127744516 0.2714570858283434 0.125748502994012
19 0.8196939454424484 0.47604790419161686 0.30871590153027273 0.1776447105788424
16 0.8592814371257482 0.6367265469061871 0.28143712574850277 0.16766467065868235
27 0.29673985362608113 0.5 0.3166999334664005 0.21357285429141717
15 0.3752495009980041 0.6037924151696606 0.3033932135728543 0.22554890219560883
1 0.5202927478376581 0.7145708582834334 0.2687957418496341 0.25948103792415184
7 0.6440452428476381 0.8592814371257486 0.28742514970059885 0.22554890219560889
