6 0.5585913782635096 0.1275045537340619 0.31086824529447493 0.2258652094717668
21 0.8512446873102608 0.15209471766848817 0.2064359441408623 0.20582877959927143
11 0.20279295689131757 0.3132969034608379 0.31329690346083794 0.1675774134790529
14 0.4845173041894353 0.3378870673952641 0.2550091074681239 0.24225865209471759
26 0.6557377049180328 0.37340619307832434 0.2525804493017608 0.23679417122040078
25 0.5658773527625987 0.5992714025500913 0.32058287795992707 0.2222222222222222
8 0.2635094110503946 0.54735883424408 0.24529447480267147 0.22768670309653924
7 0.1979356405585914 0.7750455373406194 0.2258652094717669 0.2094717668488163
35 0.4092289010321798 0.7914389799635706 0.20643594414086214 0.19125683060109305
24 0.663023679417122 0.7932604735883424 0.22829386763813 0.20947176684881602
