33 0.8738892694906625 0.4711593920983453 0.16437261496890798 0.14024452469824256
24 0.7788849140499177 0.5842598152420895 0.1492925585497423 0.1447685416239925
4 0.8603172187134132 0.7030152595430207 0.20056475037490615 0.13119649084674306
19 0.6838805586091723 0.6939672256915215 0.1462765472659089 0.15155456701261766
3 0.2073507757635308 0.6849191918400215 0.17643666010424078 0.1560785839383668
3 0.3083871537719422 0.7160218082045512 0.17643666010424075 0.15720958816980427
8 0.4222415797366446 0.770875513429267 0.16889663189465787 0.15381657547549182
7 0.6009402483037602 0.8189431932653585 0.16738862625274123 0.16399561355842893
27 0.7283667250457119 0.8489148053984504 0.14476854162399236 0.15834059240124163
27 0.8535311933247881 0.8596593455971064 0.1508005641916588 0.15947159663267985
