6 0.5088102722569594 0.27482383789117276 0.10441952834582537 0.09606702439651915
17 0.43974952523929617 0.35972720019597143 0.1386761988306494 0.10948120960314423
23 0.5693022899363502 0.40762522939734674 0.1240787042168969 0.10127011888290842
15 0.13776385541728986 0.5992173462028496 0.17699462219174986 0.16422181440471642
12 0.3019856698220063 0.7326475704066816 0.16604650123143544 0.18201251096522725
7 0.35855096145029747 0.5417397111611988 0.13320213835049224 0.12864042128369446
35 0.5027012207611041 0.5663729833219062 0.17334524853831176 0.14506260272416618
3 0.6605366312723039 0.6320617090837929 0.1934168036322216 0.11495527008330124
3 0.7399105082345833 0.5540563472415524 0.19159211680550223 0.09305902816267246
22 0.9077816962927381 0.615639527643321 0.14050088565736843 0.1505366632043235
