34 0.6749545188614221 0.5304701601635586 0.11520480608208715 0.09750451252338771
23 0.7398948076401782 0.6384215847430237 0.12474405754111345 0.11143372859815742
27 0.1411684594401205 0.7667463098951334 0.11720071100274489 0.1336409617093622
27 0.23346401935478223 0.7845136053825053 0.12403741914457178 0.12591605062789596
24 0.34919972146999284 0.7876035698150917 0.13087412728639855 0.13518594392565533
15 0.4551686976683081 0.7976459542209975 0.1474775613451208 0.14291085500712142
1 0.554300965724795 0.8038258830861694 0.09571391398557465 0.1197361217627238
22 0.6505032160062163 0.8030533919780235 0.0927838962105064 0.1305509972767757
9 0.7642855729380471 0.7856723420447247 0.15040757912018915 0.13595843503380112
9 0.8580461417402431 0.7829686231662117 0.1523609243035682 0.13364096170936238
