29 0.23539652021231297 0.3588984179036231 0.13996549850461848 0.1608694365929705
20 0.39808369055209686 0.3861644241058215 0.13087682977055237 0.15814283597275078
14 0.558044260271661 0.3970708265867009 0.18540884217494935 0.16904923845363015
11 0.6689260188272678 0.4577376903865924 0.20358617964308137 0.17313913938395992
28 0.24539405581978557 0.5388540588381326 0.15632510222593748 0.15814283597275083
4 0.41444329427341586 0.5572586130246165 0.14905416723868462 0.154052935042421
18 0.7061895606369386 0.6635960372131899 0.14723643349187185 0.15132633442220092
24 0.5216895853353949 0.7624353096961562 0.12360589478330157 0.1417832322514312
24 0.4044457586659431 0.7310794025636315 0.12542362853011269 0.1445098328716516
27 0.25630045830066467 0.7215363003928604 0.17086697220044372 0.15268963473231112
