21 0.5402648312155708 0.44786071265564514 0.08848628146783277 0.09721028104916847
5 0.3589302684892373 0.5184316378403779 0.09222513843126237 0.09627556680831098
25 0.23492484586882376 0.6380750606701238 0.13335256502898749 0.11683928010717366
19 0.35643769718028423 0.6511610600421271 0.16450970639090046 0.10001442377174076
22 0.6194039702748296 0.6591061310894148 0.1246285654476517 0.11403513738460132
1 0.6318668268195947 0.7965091244954511 0.13210627937451083 0.12525170827489018
15 0.49041340503651015 0.7441651270074374 0.12587485110212832 0.12338227979317537
24 0.3614228397981904 0.780151625280447 0.12961370806555794 0.12431699403403272
27 0.26545884440349843 0.7857599107255911 0.13709142199241708 0.12805585099746225
35 0.18258084838080996 0.7380894844418644 0.13584513633794057 0.12618642251574755
