21 0.4891671193820335 0.3308167224048125 0.100949138012598 0.10562270921688494
23 0.357060840007522 0.4513948594754156 0.16326342073642372 0.08692842439973684
29 0.5140928324715631 0.4761647868581362 0.1084268519394571 0.11029628042117218
11 0.667385967972175 0.5088797852881448 0.09347142408573825 0.11590456586631623
2 0.2205925608423436 0.5458009978020116 0.09970285235812142 0.10936156618031441
4 0.38385598157876755 0.5495398547654412 0.15703199246404123 0.11870870858888859
10 0.5334102601159489 0.5948734954470246 0.10468799497602742 0.11590456586631652
27 0.22744713194196456 0.6850734196897628 0.13335256502898743 0.12431699403403272
1 0.34833684042618623 0.6673138491134704 0.14332285026479982 0.12618642251574702
18 0.4268528366582075 0.6990941333026234 0.14830799288270569 0.13553356492432123
