6 0.7334547662416516 0.23588342440801455 0.13114754098360662 0.15482695810564662
17 0.7492410443230113 0.3907103825136612 0.12386156648451731 0.15482695810564662
11 0.6326654523375835 0.372495446265938 0.1384335154826958 0.15482695810564662
5 0.49787492410443235 0.38160291438979965 0.14571948998178513 0.1657559198542805
14 0.358227079538555 0.3770491803278688 0.14329083181542202 0.1675774134790528
4 0.7735276259866423 0.5564663023679417 0.12871888281724345 0.1657559198542806
10 0.6484517304189436 0.5555555555555556 0.13600485731633272 0.17486338797814205
2 0.5100182149362479 0.5746812386156648 0.14086217364905892 0.1730418943533695
35 0.7917425622343659 0.7304189435336974 0.1457194899817855 0.1748633879781421
3 0.6496660595021253 0.7641165755919854 0.14814814814814817 0.1912568306010928
