11 0.09350333940497876 0.22677595628415292 0.16272009714632665 0.14754098360655746
14 0.2877959927140255 0.22222222222222224 0.15300546448087435 0.13114754098360662
23 0.4675166970248938 0.2258652094717669 0.23557984213721916 0.09836065573770494
16 0.2355798421372192 0.38979963570127507 0.17486338797814205 0.17850637522768673
32 0.4444444444444446 0.43078324225865217 0.2234365513054039 0.18397085610200364
8 0.6994535519125684 0.45810564663023684 0.17972070431086828 0.16939890710382507
7 0.899817850637523 0.5364298724954463 0.15786278081360047 0.1693989071038251
9 0.18214936247723146 0.6147540983606556 0.18457802064359444 0.20218579234972683
35 0.34972677595628426 0.6329690346083789 0.25258044930176077 0.22404371584699448
27 0.5877352762598665 0.6648451730418944 0.25258044930176066 0.21857923497267767
