0 0.3455610223775799 0.4796062347449295 0.13142648719934183 0.0943211643047
26 0.41127426597725 0.5705284381737846 0.1699480437922524 0.10621752737015794
16 0.27984777877790906 0.6487045383182207 0.13822440895103197 0.12151285131146049
3 0.10706726758911898 0.785937583680464 0.1302935002407268 0.1444558372234148
3 0.24755765045738098 0.7838132331330607 0.1620171350819475 0.14530557744237568
1 0.3585903724016528 0.8284245946285276 0.18014492641978763 0.16484960247848499
1 0.5160755596491399 0.8267251141906038 0.1166976567373474 0.14105687634756955
12 0.6877230838793144 0.8131292706872241 0.16088414812333185 0.15465271985094914
24 0.7947903514684326 0.7944349858700764 0.18014492641978755 0.15295323941302802
22 0.884862814678327 0.7638443379874712 0.18127791337840235 0.14955427853718256
