0 0.8014571948998181 0.1147540983606557 0.21857923497267767 0.13843351548269575
34 0.8476017000607163 0.21038251366120214 0.19914996964177292 0.10018214936247731
23 0.5998785670916817 0.08469945355191257 0.22829386763812992 0.15482695810564664
13 0.5209471766848816 0.23679417122040072 0.21129326047358837 0.1092896174863388
28 0.5670916818457803 0.3415300546448087 0.23557984213721922 0.14389799635701273
15 0.5197328476017001 0.5145719489981785 0.20886460230722534 0.11111111111111115
24 0.5598057073466909 0.6520947176684885 0.2258652094717669 0.13843351548269564
35 0.6314511232544021 0.7522768670309654 0.20886460230722526 0.13479052823315116
7 0.29629629629629634 0.21220400728597447 0.21857923497267762 0.10746812386156644
12 0.30236794171220405 0.33060109289617495 0.24529447480267152 0.14754098360655737
