0 0.6467065868263472 0.2425149700598802 0.15435795076513656 0.16167664670658685
21 0.471057884231537 0.23652694610778446 0.14903526280771776 0.1576846307385229
30 0.3473053892215569 0.22754491017964074 0.14105123087159005 0.15968063872255497
20 0.4510978043912175 0.41616766467065874 0.14637391882900863 0.15768463073852296
29 0.290086493679308 0.43013972055888233 0.17564870259481033 0.1696606786427146
19 0.4683965402528277 0.5778443113772456 0.14371257485029937 0.16566866267465066
16 0.6267465069860275 0.590818363273453 0.1729873586161011 0.17165668662674652
24 0.27411842980705253 0.6946107784431136 0.14903526280771787 0.17165668662674652
3 0.43646041250831674 0.7634730538922156 0.17032601463739183 0.18562874251497008
18 0.6413838988689285 0.7674650698602795 0.17564870259481033 0.1856287425149702
