34 0.3938789088489688 0.09980039920159685 0.34065202927478383 0.15968063872255497
21 0.7012641383898868 0.17964071856287425 0.16234198270126432 0.19161676646706585
6 0.8822355289421152 0.29840319361277445 0.21556886227544933 0.20958083832335347
19 0.27278775781769793 0.30139720558882227 0.28476380572188953 0.24750499001996001
28 0.5096473719228211 0.40219560878243515 0.322022621423819 0.14570858283433133
31 0.1051230871590153 0.5319361277445109 0.2102461743180306 0.249500998003992
9 0.4111776447105791 0.6317365269461079 0.28476380572189 0.2694610778443114
3 0.6427145708582833 0.6526946107784434 0.26879574184963406 0.2634730538922156
3 0.8622754491017965 0.6487025948103785 0.25548902195608747 0.2594810379241514
15 0.5921490352628078 0.8852295409181639 0.3220226214238191 0.2295409181636723
