30 0.7735276259866424 0.8497267759562841 0.18700667880995767 0.12568306010928953
6 0.5488767455980572 0.8752276867030966 0.1554341226472374 0.10018214936247716
34 0.3521554341226472 0.8706739526411659 0.14571948998178505 0.10564663023679416
11 0.557377049180328 0.7285974499089255 0.17243472981177907 0.16393442622950832
5 0.3594414086217366 0.7495446265938068 0.16514875531268977 0.15846994535519152
3 0.35215543412264727 0.587431693989071 0.2088646023072253 0.18032786885245905
22 0.6642380085003036 0.3588342440801457 0.17729204614450522 0.2185792349726776
9 0.4820886460230723 0.3260473588342441 0.18700667880995758 0.2222222222222222
12 0.33879781420765026 0.36429872495446264 0.24529447480267155 0.22950819672131162
18 0.1639344262295082 0.3479052823315119 0.15786278081360053 0.20036429872495462
