23 0.4559356959981933 0.41887799807610354 0.12468752147561796 0.12506308629933952
32 0.3778182126640716 0.5749251823324874 0.1607417445529051 0.15097705913614
13 0.5896367732431322 0.5619681959140869 0.14872367019380936 0.14083680889565336
35 0.08788216875088736 0.7439293530072705 0.1727598189120008 0.15773722596313094
35 0.2471216540089056 0.7484361308919315 0.18177337468132268 0.16224400384779197
27 0.4288950286902277 0.7653365479594091 0.13069655865516594 0.15323044807847083
18 0.5535825501658459 0.736605838944696 0.13069655865516686 0.14759697572264416
12 0.6827768495261252 0.7636465062526621 0.16374626314267907 0.1588639204342962
12 0.817229056418508 0.723648852526296 0.11417170641140861 0.13520333653982655
1 0.9148759105861605 0.7247755469974608 0.13520333653982605 0.14196350336681798
