34 0.5683060109289619 0.2568306010928962 0.17972070431086828 0.16029143897996356
30 0.4068002428658167 0.21675774134790524 0.14329083181542182 0.14571948998178497
33 0.4043715846994536 0.41074681238615646 0.18700667880995744 0.1657559198542805
25 0.28415300546448097 0.551912568306011 0.18943533697632062 0.16029143897996348
27 0.10321797207043107 0.6994535519125682 0.20643594414086214 0.18214936247723135
35 0.27443837279902844 0.7103825136612022 0.1748633879781421 0.17122040072859765
15 0.41651487553126904 0.7422586520947178 0.17729204614450522 0.18032786885245897
35 0.5877352762598664 0.7805100182149362 0.14086217364905895 0.1657559198542804
35 0.7480267152398301 0.7741347905282333 0.20400728597449913 0.18579234972677588
7 0.9031572556162719 0.7595628415300548 0.19368548876745584 0.1821493624772315
