20 0.5318761384335156 0.35154826958105645 0.10686095931997563 0.09836065573770494
26 0.3910139647844565 0.32331511839708554 0.13114754098360656 0.10382513661202192
10 0.3776563448694597 0.4453551912568306 0.15300546448087435 0.12568306010928965
18 0.08743169398907105 0.5537340619307831 0.1748633879781421 0.14571948998178494
27 0.19793564055859142 0.5610200364298726 0.1772920461445052 0.14207650273224018
35 0.34608378870673967 0.6183970856102003 0.21129326047358854 0.1402550091074682
35 0.5075895567698847 0.5828779599271402 0.1214329083181542 0.13114754098360662
9 0.6326654523375835 0.6029143897996357 0.1627200971463266 0.145719489981785
15 0.7735276259866424 0.6102003642987249 0.18700667880995767 0.14571948998178508
12 0.9107468123861568 0.5883424408014573 0.17486338797814213 0.13843351548269575
