21 0.761144377910845 0.1746506986027944 0.2661343978709247 0.1536926147704591
20 0.5123087159015302 0.2574850299401198 0.27944111776447106 0.2115768463073852
32 0.6839654025282768 0.42714570858283424 0.19161676646706602 0.2075848303393213
24 0.8729208250166329 0.650698602794411 0.1862940785096473 0.2115768463073852
31 0.6560212907518297 0.6626746506986028 0.22621423819028608 0.22355289421157687
35 0.48170326014637366 0.6706586826347305 0.20758483033932099 0.2275449101796408
1 0.3313373253493013 0.6127744510978045 0.25815036593479707 0.21956087824351309
7 0.16633399866932802 0.5998003992015967 0.2741184298070526 0.2055888223552894
12 0.1383898868928809 0.44411177644710575 0.23952095808383234 0.14171656686626752
12 0.1530272787757818 0.29940119760479045 0.2368596141051231 0.12375249500998006
