30 0.5513054037644202 0.29417122040072863 0.19914996964177292 0.10746812386156651
21 0.7698846387370978 0.3233151183970856 0.23315118397085619 0.11111111111111109
17 0.4177292046144505 0.39162112932604737 0.1554341226472375 0.12386156648451731
11 0.6071645415907712 0.4143897996357013 0.19429265330904685 0.13661202185792345
10 0.6800242865816637 0.5455373406193078 0.17000607164541598 0.15482695810564664
13 0.5270188221007894 0.5692167577413478 0.19914996964177306 0.1657559198542806
22 0.1311475409836065 0.6921675774134792 0.262295081967213 0.22950819672131145
35 0.35701275045537356 0.7358834244080144 0.21372191863995174 0.22586520947176691
31 0.6241651487553128 0.7950819672131146 0.22829386763812998 0.24954462659380677
1 0.8743169398907105 0.7823315118397085 0.2137219186399514 0.23497267759562832
