34 0.33266799733865604 0.3203592814371257 0.13306719893546223 0.1297405189620759
21 0.6067864271457085 0.3832335329341317 0.12774451097804387 0.13173652694610774
26 0.37524950099800397 0.5119760479041916 0.19693945442448438 0.17365269461077837
17 0.5442448436460411 0.5439121756487028 0.1729873586161011 0.1696606786427145
13 0.7877578176979374 0.5469061876247504 0.15968063872255497 0.15568862275449097
35 0.18363273453093812 0.6397205588822352 0.2661343978709248 0.20958083832335325
27 0.3073852295409181 0.6926147704590818 0.27411842980705253 0.1876247504990021
18 0.48968729208250167 0.7475049900199602 0.1756487025948104 0.2055888223552894
15 0.6839654025282768 0.7714570858283433 0.22355289421157687 0.21357285429141712
15 0.8489687292082502 0.7095808383233532 0.15435795076513642 0.18562874251497008
