6 0.6520947176684883 0.16211293260473592 0.17729204614450508 0.1493624772313297
21 0.5124468731026106 0.17850637522768664 0.1651487553126897 0.14571948998178508
34 0.3023679417122041 0.18306010928961755 0.19672131147540997 0.1548269581056467
20 0.7929568913175471 0.3734061930783243 0.18700667880995753 0.17486338797814205
17 0.5622343655130542 0.34335154826958103 0.15300546448087432 0.16575591985428048
23 0.3485124468731027 0.32969034608378855 0.1918639951426837 0.16393442622950827
4 0.814814814814815 0.5828779599271402 0.28901032179720704 0.23315118397085619
12 0.631451123254402 0.7167577413479055 0.27200971463266543 0.2495446265938071
12 0.429872495446266 0.6730418943533698 0.27686703096539167 0.24954462659380694
35 0.1918639951426837 0.663023679417122 0.20400728597449913 0.22950819672131162
