0 0.30843958712811176 0.27049180327868855 0.22829386763812998 0.16211293260473586
6 0.44201578627808147 0.3132969034608379 0.19429265330904685 0.17122040072859743
30 0.5780206435944142 0.4189435336976321 0.21857923497267762 0.1675774134790528
10 0.8257437765634489 0.5373406193078324 0.22829386763812992 0.15300546448087438
13 0.8885853066180935 0.6202185792349727 0.22282938676381292 0.16211293260473597
3 0.11778992106860961 0.5163934426229508 0.2258652094717669 0.19489981785063762
3 0.3072252580449302 0.6329690346083788 0.20643594414086222 0.2021857923497268
9 0.49544626593806923 0.6102003642987249 0.19914996964177284 0.18943533697632048
22 0.6120218579234973 0.6958105646630244 0.24772313296903437 0.2003642987249547
22 0.7504553734061932 0.790528233151184 0.2428658166363085 0.1930783242258653
