20 0.3242258652094717 0.3788706739526412 0.1821493624772314 0.11657559198542826
11 0.45415907710989684 0.4335154826958106 0.116575591985428 0.11657559198542806
22 0.06678809957498485 0.5883424408014569 0.1335761991499697 0.14207650273224046
22 0.2040072859744991 0.5765027322404369 0.14571948998178508 0.14025500910746813
18 0.3266545233758349 0.575591985428051 0.12871888281724353 0.13479052823315116
7 0.44323011536126294 0.5683060109289617 0.11414693381906488 0.13114754098360656
7 0.5452337583485124 0.5865209471766849 0.09957498482088639 0.13114754098360648
35 0.6885245901639345 0.603825136612022 0.17243472981177907 0.1475409836065575
35 0.8245294474802672 0.581967213114754 0.13843351548269595 0.1366120218579234
27 0.9022465088038859 0.6457194899817851 0.1384335154826958 0.14025500910746821
