21 0.331511839708561 0.47540983606557385 0.22100789313904065 0.10928961748633881
23 0.47115968427443844 0.5846994535519126 0.23800850030358234 0.12750455373406194
11 0.43472981177899217 0.7067395264116576 0.23315118397085613 0.13843351548269567
13 0.6399514268366725 0.42440801457194893 0.22586520947176705 0.11293260473588332
25 0.6229508196721312 0.3278688524590164 0.22586520947176694 0.11657559198542815
1 0.6885245901639345 0.15938069216757744 0.23072252580449315 0.11111111111111108
3 0.8281724347298117 0.25591985428051 0.20400728597449913 0.09289617486338798
7 0.8779599271402552 0.36429872495446264 0.18214936247723132 0.12386156648451743
15 0.8208864602307224 0.5264116575591986 0.21372191863995155 0.12386156648451728
22 0.8026715239829996 0.6539162112932604 0.23072252580449315 0.1275045537340618
