21 0.45377260679490034 0.25940455440330806 0.15628422107135534 0.10384675215925583
26 0.43526526482592404 0.3740472560444666 0.18233159124991463 0.1480587357518104
10 0.5922349430072412 0.4290551891189237 0.15080056419165894 0.14497417875698088
3 0.8794414720813551 0.4151746826421919 0.1823315912499146 0.14188962176215164
12 0.8348867599338183 0.5349583126080657 0.18370250546983827 0.1675942633857307
27 0.6977953379414026 0.5735152750434335 0.17821884859014203 0.18301704835987678
27 0.47776360564357334 0.6280091152854194 0.1768479343702179 0.18712979101964927
35 0.34684129764081456 0.6120722374787992 0.2303135889472613 0.19843983333402096
18 0.1569696781813169 0.4804644723660786 0.2124917040882454 0.1737633773753889
18 0.19672619055911827 0.6017903808293694 0.23442633160703294 0.1922707193443653
