6 0.3120825743776564 0.25774134790528236 0.19672131147540992 0.1366120218579235
21 0.461445051608986 0.24134790528233147 0.1602914389799636 0.10746812386156648
30 0.6023072252580449 0.25318761384335153 0.13600485731633277 0.09471766848816031
23 0.3885853066180935 0.3679417122040071 0.2040072859744992 0.13479052823315107
11 0.5585913782635095 0.34335154826958103 0.21857923497267762 0.13661202185792345
13 0.3460837887067396 0.5100182149362478 0.16272009714632665 0.13114754098360656
16 0.5707346690953252 0.5036429872495447 0.1797207043108683 0.17668488160291448
19 0.7941712204007287 0.5118397085610197 0.15543412264723747 0.1712204007285975
12 0.3339404978749241 0.6766848816029142 0.30843958712811165 0.1730418943533698
35 0.6350941105039466 0.6675774134790529 0.1967213114754099 0.15482695810564656
