6 0.77672613611326 0.30754372810142533 0.13357619914996988 0.12941537407303313
14 0.44704827254617074 0.44090502890739264 0.13768091510698388 0.1492925585497412
17 0.6850869631227057 0.4377947672709408 0.11279882201536076 0.13809561665851156
5 0.7945681727258489 0.44214913356197455 0.11943404683979494 0.13685151200392995
4 0.685086963122705 0.5827329595296483 0.1127988220153606 0.13436330269476762
11 0.548235451118775 0.44774760450759005 0.11114001580925258 0.13063098873102427
2 0.7862741416953088 0.5845991165115204 0.10948120960314427 0.13063098873102433
10 0.5814115752409402 0.5926857967662983 0.1376809151069846 0.14929255854974208
3 0.6834281569165975 0.7407342506614591 0.12275165925201009 0.14680434924057978
35 0.7962269789319572 0.7282932041156469 0.1393397213130925 0.15426897716806637
