6 0.30235560624782176 0.22654690618762469 0.15374013877007897 0.17365269461077845
30 0.4663450876025723 0.22654690618762466 0.1537401387700785 0.16966067864271459
17 0.6649261001805914 0.2015968063872255 0.19217517346259894 0.19161676646706577
16 0.9185973291512213 0.37425149700598803 0.14605313183157478 0.18163672654690616
19 0.7264221556886227 0.4051896207584829 0.14092846053923894 0.16766467065868262
13 0.5496209961030317 0.41317365269461065 0.15117780312391077 0.18363273453093817
1 0.12683561448531508 0.5558882235528941 0.140928460539239 0.17365269461077845
7 0.2652017393783861 0.6087824351297404 0.1768011595855907 0.19161676646706582
9 0.4253477172638849 0.5878243512974052 0.1844881665240947 0.18562874251497008
18 0.5906183664417196 0.6626746506986028 0.15630247441624676 0.16766467065868262
