21 0.5815036593479709 0.2774451097804393 0.1570192947438457 0.13572854291417175
20 0.6387225548902195 0.4121756487025948 0.2022621423819029 0.14970059880239533
17 0.8552841724514906 0.5506500147713591 0.21624469568251428 0.1631762770477075
13 0.5088745624203633 0.5794804080794087 0.18195514805600413 0.16645896786442152
25 0.35691202118677734 0.49325166346495597 0.2219452904858951 0.15596155547657503
35 0.12496919509340942 0.5299926068224183 0.22594430472888427 0.1364663610420031
27 0.19895095858870782 0.639465621724245 0.22994331897187337 0.16345970718217942
18 0.4118984670278775 0.7339423332148622 0.22794381185037882 0.18145527127563063
18 0.6088499184950906 0.7594360490139179 0.17795613381301498 0.18145527127563071
12 0.8247966876165023 0.760935679355039 0.1739571195700259 0.17845601059338861
