26 0.21250758955676993 0.22677595628415304 0.18700667880995753 0.18032786885245902
33 0.4043715846994536 0.2568306010928962 0.1675774134790529 0.16757741347905283
29 0.6375227686703095 0.24954462659380688 0.2404371584699454 0.13114754098360654
11 0.8415300546448095 0.30783242258652094 0.12871888281724367 0.17122040072859743
13 0.31815421979356423 0.42622950819672134 0.1700060716454161 0.17122040072859745
10 0.5962355798421374 0.4426229508196722 0.20643594414086217 0.17486338797814213
18 0.14450516089860355 0.5828779599271402 0.19186399514268374 0.2040072859744992
27 0.3630843958712812 0.6338797814207651 0.1918639951426837 0.20036429872495443
9 0.5804493017607772 0.6384335154826958 0.21857923497267762 0.2276867030965392
7 0.8743169398907102 0.6411657559198543 0.24286581663630827 0.2331511839708559
