21 0.48835662009314684 0.1926147704590818 0.11443779108449718 0.07784431137724551
6 0.5988023952095809 0.23552894211576844 0.12242182302062538 0.09181636726546906
11 0.734530938123753 0.3702594810379241 0.1650033266799734 0.12974051896207578
23 0.5402528276779774 0.33433133732534936 0.1969394544244844 0.12175648702594807
26 0.4138389886892881 0.30538922155688625 0.22089155023286755 0.1117764471057885
32 0.1583499667332003 0.35728542914171657 0.2155688622754491 0.1277445109780439
35 0.1743180306054557 0.5129740518962076 0.22621423819028602 0.17564870259481044
31 0.3366600133067199 0.49800399201596796 0.17831004657351956 0.157684630738523
15 0.5202927478376574 0.5139720558882233 0.1942781104457751 0.16167664670658685
9 0.7930805056553558 0.6516966067864272 0.180971390552229 0.2055888223552894
