6 0.6773562532079874 0.41494100408197737 0.10344170932155074 0.11683928010717351
5 0.69791996650685 0.5322476413095797 0.11964342282974574 0.12151285131146042
17 0.5926088287035844 0.5233678560214347 0.12088970848422229 0.12057813707060319
11 0.4991374046178454 0.5200963561784335 0.11590456586631608 0.12525170827488993
14 0.39444940964181796 0.5243025702622918 0.12836742241108134 0.12618642251574722
2 0.6867033956165617 0.6532931355006107 0.11964342282974588 0.13366413644260633
10 0.5764071151953883 0.6528257783801799 0.11590456586631519 0.1308599937200339
4 0.4729654058738386 0.6467501358146096 0.14332285026479957 0.1448807073328952
35 0.7066439660881859 0.7878919861840756 0.12213599413869872 0.14488070733289518
3 0.5664368299595776 0.7925655573883625 0.12088970848422222 0.14675013581461002
