6 0.2914389799635701 0.12932604735883416 0.19429265330904685 0.2149362477231328
34 0.479659987856709 0.16666666666666669 0.17243472981177907 0.21311475409836067
21 0.6630236794171221 0.17759562841530052 0.20886460230722537 0.22040072859744986
29 0.3315118397085611 0.377959927140255 0.16757741347905283 0.1912568306010928
20 0.5986642380085003 0.39890710382513667 0.17243472981177888 0.19307832422586524
4 0.36308439587128105 0.6010928961748635 0.3035822707953856 0.17850637522768667
18 0.2829386763812995 0.7704918032786888 0.19672131147540994 0.1785063752276869
12 0.4371584699453551 0.7950819672131142 0.2185792349726777 0.19125683060109275
24 0.6338797814207651 0.7714025500910745 0.17972070431086828 0.17668488160291443
27 0.8970856102003643 0.7158469945355189 0.20582877959927123 0.1930783242258652
