5 0.616101131071191 0.21057884231536925 0.18895542248835662 0.15369261477045915
26 0.4218230206254158 0.16766467065868262 0.17831004657351954 0.14770459081836326
29 0.2554890219560878 0.23053892215568866 0.19693945442448432 0.16566866267465064
16 0.17964071856287425 0.42814371257485034 0.21556886227544908 0.21357285429141717
25 0.42448436460412503 0.42315369261477054 0.21024617431803055 0.1996007984031938
19 0.6214238190286097 0.41816367265469057 0.2102461743180306 0.20558882235528944
32 0.8649367930805058 0.4301397205588822 0.22887558216899542 0.2055888223552894
35 0.17831004657351968 0.6636726546906185 0.35662009314703935 0.29341317365269487
7 0.45242847638057215 0.6487025948103792 0.2448436460412508 0.2554890219560878
3 0.7159015302727877 0.6576846307385225 0.3033932135728536 0.27744510978043896
