30 0.3938789088489687 0.14171656686626735 0.20226214238190285 0.17564870259481022
14 0.19693945442448432 0.1586826347305389 0.19693945442448424 0.18163672654690616
16 0.18097139055222888 0.34331337325349304 0.19161676646706588 0.19161676646706585
13 0.332667997338656 0.33732534930139707 0.18629407850964738 0.19161676646706574
28 0.5109780439121756 0.3493013972055888 0.1756487025948103 0.18363273453093806
35 0.2090393808835212 0.5681650155054959 0.17813790718769631 0.20858494744681777
22 0.40989895990638286 0.5817980186065952 0.23085218584527986 0.22494455116813697
9 0.5662240621323203 0.5654384148852762 0.22721671835165347 0.21676474930747752
9 0.7398176349529834 0.49045689782923046 0.18540884217494916 0.19222534372549904
7 0.9098989599063827 0.49591009906967004 0.180202080187234 0.20313174620637792
