34 0.3946569520340013 0.20400728597449913 0.2647237401335764 0.1894353369763206
29 0.5415907710989678 0.33697632058287796 0.15057680631451129 0.17122040072859743
14 0.6909532483302976 0.33879781420765026 0.2307225258044929 0.15664845173041897
11 0.8852459016393445 0.36976320582877953 0.11414693381906517 0.1566484517304188
4 0.13357619914996965 0.505464480874317 0.2380085003035823 0.20947176684881602
16 0.3120825743776565 0.4635701275045537 0.15786278081360047 0.18032786885245883
27 0.4177292046144507 0.6584699453551908 0.1554341226472374 0.17304189435337
15 0.5755919854280507 0.6220400728597446 0.16514875531268955 0.1839708561020042
9 0.7358834244080148 0.5974499089253187 0.14571948998178513 0.1566484517304188
7 0.8876745598057069 0.57103825136612 0.11900425015179143 0.16575591985428015
