0 0.6690953248330296 0.15482695810564664 0.264723740133576 0.09471766848816031
26 0.38129933211900435 0.2122040072859745 0.19914996964177298 0.1475409836065574
25 0.22465088038858533 0.3533697632058288 0.20643594414086217 0.18214936247723135
8 0.47237401335762 0.3797814207650273 0.20643594414086228 0.19125683060109286
14 0.6387370977534913 0.2459016393442623 0.21857923497267762 0.12750455373406194
13 0.6775956284153005 0.4107468123861567 0.1942926533090467 0.1912568306010929
23 0.8901032179720706 0.6092896174863388 0.18214936247723132 0.22040072859744989
24 0.7188828172434731 0.6448087431693988 0.23315118397085602 0.24772313296903462
15 0.4918032786885246 0.6366120218579236 0.2550091074681239 0.2641165755919855
9 0.26472374013357625 0.6265938069216754 0.22343655130540385 0.24772313296903511
