6 0.48959996110634146 0.5081941416084732 0.1707112835098828 0.13213053343664877
25 0.30932884571990643 0.6223999902765855 0.16524852243756588 0.13930040734406415
19 0.42541251850662554 0.6833439184896105 0.11608367278672228 0.1280334626324065
13 0.5544702488400979 0.698707934005503 0.142031787880222 0.1444217458493604
2 0.6965020367203201 0.6935865955002066 0.14749454895253833 0.14647028125147912
35 0.21851044289264926 0.7903798932503094 0.1966593986033843 0.16183429676736824
31 0.35507946970055504 0.830838467442152 0.15295731002485458 0.15671295826207196
12 0.5018911735190539 0.8631029000255194 0.12700919493135251 0.15159161975677546
12 0.6166091560376947 0.8477388845096304 0.12154643385903623 0.14749454895253844
7 0.7449840412371251 0.8446660814064499 0.13793471707598268 0.15568869056101228
