11 0.2780813600485732 0.23588342440801457 0.1967213114754099 0.11111111111111115
2 0.15907710989678203 0.4444444444444445 0.2258652094717669 0.18579234972677597
8 0.39101396478445666 0.3979963570127505 0.27200971463266554 0.14389799635701275
32 0.5646630236794172 0.2978142076502732 0.20157862780813596 0.12932604735883427
24 0.14450516089860352 0.7112932604735884 0.28415300546448086 0.2568306010928963
1 0.40194292653309055 0.6548269581056466 0.28901032179720704 0.24590163934426243
7 0.5549483910139648 0.5865209471766849 0.28415300546448097 0.22222222222222224
15 0.671523982999393 0.4972677595628415 0.2744383727990286 0.20400728597449913
18 0.8075288403157256 0.4499089253187614 0.2210078931390406 0.17122040072859754
35 0.8901032179720703 0.37158469945355166 0.2112932604735887 0.15300546448087432
